tetro!((0, 0), (0, 1), (1, 0), (1, 1)),
tetro!((0, 0), (0, 1), (0, 2), (0, 3)),
tetro!((0, 0), (1, 0), (2, 0), (3, 0)),
tetro!((0, 0), (0, 1), (0, 2), (1, 1)),
tetro!((0, 0), (1, 0), (1, 1), (2, 0)),
tetro!((0, 1), (1, 0), (1, 1), (1, 2)),
tetro!((0, 1), (1, 0), (1, 1), (2, 1)),
tetro!((0, 0), (0, 1), (0, 2), (1, 0)),
tetro!((0, 0), (1, 0), (2, 0), (2, 1)),
tetro!((0, 2), (1, 0), (1, 1), (1, 2)),
tetro!((0, 0), (0, 1), (1, 1), (2, 1)),
tetro!((0, 0), (0, 1), (0, 2), (1, 2)),
tetro!((0, 1), (1, 1), (2, 0), (2, 1)),
tetro!((0, 0), (1, 0), (1, 1), (1, 2)),
tetro!((0, 0), (0, 1), (1, 0), (2, 0)),
tetro!((0, 1), (0, 2), (1, 0), (1, 1)),
tetro!((0, 0), (1, 0), (1, 1), (2, 1)),
tetro!((0, 0), (0, 1), (1, 1), (1, 2)),
tetro!((0, 1), (1, 0), (1, 1), (2, 0))
